100000 5MB

628 3806 6595 3367 4501 1364 6433 6914 3981 2525 5489 4413 3110 7336 6905 7969 1284 1615 943 3527 1716 6084 9736 4409 5587 3772 4540 4360 9525 2472 7637 9374 1732 6466 6533 2734 5260 564 5644 9489 7681 9483 7519 5322 1220 58 8315 1928 5468 2167 7701 1142 1011 7934 389 9313 9899 3722 8773 5974 5596 2729 2120 7117 8529 4836 2232 2904 4770 129 6995 8831 7962 532 3718 7820 180 7926 9751 6662 1577 9255 2702 7130 2773 2245 6126 2233 1942 731 840 4906 6666 9697 1170 8994 9959 627 2210 8111
5938 9608 9525 4926 5099 1291 6036 5862 6182 3013 7032 9037 3162 8542 6743 4030 5092 5242 8329 8301 620 7207 9406 1024 1563 4218 2502 7058 6852 8945 8117 3909 6602 3006 980 5080 8082 8594 1710 7921 7312 8373 8831 3624 7690 7224 3227 125 7096 9478 8433 9334 9594 6056 6599 5145 7615 3095 6606 6350 3838 750 4355 2758 6382 7384 1236 3412 2269 3563 1665 3654 4687 3736 3671 7863 9582 581 1718 4710 5731 940 9343 5648 5060 94 6244 9376 5879 3987 2378 4190 6578 9436 5410 3285 6221 6277 8239 3744
3429 7206 2898 6655 8722 4003 2643 5872 7693 7584 4446 6516 8101 4865 1764 2223 1549 6133 4893 4678 1625 3635 7066 1889 5065 3488 8997 4153 6123 6925 6662 633 5732 7119 1584 3680 642 7948 4780 1074 9474 4061 7473 5291 3768 7522 5631 9902 6678 8163 5460 7587 4368 3365 8642 657 4479 1915 9126 7696 8181 5427 9235 69 6629 7714 7582 4198 1439 7254 8996 9005 1393 6985 5558 3548 7969 9255 1743 8608 8147 8217 6035 4898 2119 7363 3380 585 5580 7231 6348 3154 3270 4043 8269 3742 7020 8011 3825 6111
16 4994 1387 5180 9602 3308 2264 3537 8556 3592 6157 8503 2945 1331 5576 4396 3861 9114 4569 4525 1458 825 286 3255 4088 4748 9932 5034 6404 970 6477 490 3194 1490 2797 9334 4358 2347 5438 7643 9828 6633 5632 4963 7098 3932 2404 9200 4304 8013 4501 892 9416 7152 4957 5793 2435 7361 4905 1097 9434 9971 2920 1402 9905 4904 7113 8068 6383 5334 3015 7245 5023 7943 3174 6043 8940 8028 6083 7851 7587 223 5805 8524 4975 244 5106 1393 8964 1627 9589 6015 873 2394 1667 5580 9607 4838 7783 1157 6276
88 1442 452 1873 304 7503 3957 2463 6333 2288 5976 4277 358 4859 483 3091 3574 9702 8514 3262 7849 2303 2738 4990 319 67 979 6170 6146 6835 5353 7145 3212 49 2618 8447 9161 3279 991 5276 1307 7455 8962 6334 1843 4698 368 6959 5747 391 2829 7640 262 7421 789 476 8064 4944 5311 3271 5082 1311 6794 875 5132 8015 4063 5231 5487 8953 2869 3144 6229 6894 2835 1495 518 9593 1390 192 4510 1500 4579 4768 5588 8889 8793 5314 3699 3897 5004 6788 1473 3550 4630 2379 2423 8159 359 1133 6984
32 996 9421 6703 4483 8656 6825 3975 2328 7588 2183 1087 5859 5407 8902 7228 8369 3419 5737 2011 4833 1170 3553 7063 7391 9884 1829 5816 4214 7743 9302 6289 7020 615 3286 7748 1721 9224 3047 2261 1320 6720 6015 4537 8852 5793 341 2686 5198 3096 1673 553 8616 9985 527 4081 6717 2582 172 5470 1710 5264 404 8891 8791 2118 2874 1007 2153 41 6061 776 7426 7205 8557 6788 6554 9774 2042 8442 3079 1536 6136 5656 6633 7378 441 6107 3007 2906 5599 7942 8483 4689 2388 1616 6259 2916 5588 5315 595
10 7572 4688 9708 3525 5395 607 5929 4150 9666 6073 6147 6661 305 6979 7222 5113 1186 5197 7453 2648 281 5793 1616 2304 89 1231 7315 8595 9529 4701 3369 9228 5551 1140 9899 5582 7208 5517 1321 4066 406 3572 2327 8243 4159 8403 4144 5321 4300 4312 730 2386 5225 2990 8341 3345 7042 7784 8279 219 2271 3315 4274 9286 9466 6105 9398 7300 1206 7501 8330 9630 5862 4269 4011 1733 8189 3660 7724 3938 1062 336 5189 9220 4241 7496 9183 9149 1880 4746 6961 1914 6104 6673 3814 487 5748 5226 3703 5882
63 6892 5406 2920 977 4487 172 5602 1516 8976 2516 6991 4186 3762 6689 1663 1221 1419 103 5715 9578 4702 6016 4675 6277 723 7254 1545 9400 1420 5041 2503 3479 9717 9497 751 5821 5281 4224 9225 6109 8423 149 5248 1049 602 681 116 8939 191 7571 5801 9946 9049 9259 1501 7817 9060 155 9887 5234 8239 4591 5609 4075 339 6927 6847 2603 9051 3275 4573 5001 3457 7200 2879 9909 4979 7286 870 2099 820 7621 1910 4812 7136 3622 2375 1936 7105 1968 9314 9884 3584 4234 4797 1593 4886 8283 179 5479
80 7368 3528 7299 1152 2722 6435 3935 496 7939 8113 2479 8242 9249 1211 9337 7156 7933 8591 660 3816 8318 5820 2886 5364 1374 9513 6686 3529 4288 7831 8505 6830 1215 1278 5915 1180 8813 5423 2286 6723 4470 3149 2158 746 3387 7791 8098 218 5408 2436 3872 534 5604 8389 5496 1163 2540 2585 8802 2153 4692 5266 4854 2317 2562 5087 230 289 9817 1254 39 7511 2567 1511 2747 3214 7479 7390 2968 9068 8020 9338 7946 7046 8314 3849 8244 2840 4981 1956 9150 241 2739 3133 2568 8622 5471 7339 2908 1364
20 6282 6257 5233 4559 5195 1370 5285 2524 8321 7967 3088 9721 3486 3565 2529 1603 9167 5315 154 2286 7618 4364 8524 38 1601 7788 4841 5386 1443 3399 1598 9592 1222 8474 3895 4072 7965 1004 8641 6441 9567 491 5948 6782 7784 1789 5128 6850 1665 2336 6192 8591 4228 6689 3873 6249 1267 14 3373 7703 8210 3808 3554 1898 5373 3075 3237 3185 3100 8658 1720 3818 5010 9446 8252 8106 3947 9028 3996 8257 8279 7393 3922 3112 9346 476 8367 6128 5942 1634 9331 7433 1018 753 9385 6357 9065 1913 4573 8538
87 7230 9993 8190 9768 4293 6156 1908 5460 3691 4026 3059 5016 5529 3696 2750 1394 553 2317 5686 2261 3056 3063 5353 5152 6915 388 2077 9699 7178 421 1268 70 6858 6258 8763 9914 1824 6490 3441 9209 770 1970 7374 7343 4377 2318 5506 9289 6413 9702 2352 2253 6908 318 5125 6005 3010 5349 8176 7561 9038 3306 6134 671 1884 4213 9738 4917 8743 7538 926 5130 682 1756 7699 9719 6863 4506 499 8205 2429 6458 5104 5801 4001 8492 4354 1814 2099 2418 8868 5615 9945 4573 4909 4024 4009 6125 5624 8989
77 3874 5759 8325 7082 6233 4178 7816 7513 9812 7134 6244 4835 8564 4668 5263 2632 7692 3999 3325 4416 1127 9193 113 5768 4154 3692 505 2618 5324 5772 870 1814 8633 9061 4033 3420 1257 5822 9154 5166 8491 6085 3246 4893 8734 8084 1911 7464 9453 2955 1591 6488 7671 7090 5571 1001 6829 3970 3062 2370 5991 4439 2594 1030 5967 6528 8140 1862 389 4661 998 507 5821 5860 4678 2642 7237 8403 1597 2336 9822 6709 2303 6889 4856 2345 8959 5745 6934 1940 259 2593 288 9322 4473 1770 8860 675 4594 9190
82 1539 7939 8204 5180 115 2685 6529 3324 2946 9857 856 9171 2264 6951 9930 4416 1131 5312 9435 5365 8585 1526 2291 2278 9175 126 3199 4460 6131 3723 1308 559 8949 5970 4065 380 8108 4677 1822 2449 2117 101 1398 4379 4168 5784 5058 4164 5875 6666 7673 3218 5891 5685 9565 3873 9314 4077 7233 267 9427 6224 1488 3982 7213 675 2600 3729 9085 4674 7259 2596 1043 1314 1754 7298 3612 6080 8126 2948 9513 2103 2058 166 6614 4408 6572 3481 3861 4035 5509 3007 6374 2474 2980 8872 720 1994 3101 4028
17 3556 1427 1999 2935 655 291 6185 5128 736 9111 9959 388 2872 6118 7810 1988 5384 2408 7974 4139 715 5222 7039 7239 2517 1365 3505 1744 644 3803 2012 7528 206 8286 1069 7615 6472 2302 2972 313 4119 8808 168 5370 3724 5811 1877 8588 5198 714 6278 4608 4754 6866 821 8331 10 6501 683 9955 7308 7386 8039 4765 540 1595 2598 1655 7385 9222 3312 2590 8418 7369 1570 3494 6561 5229 192 1342 5581 3104 4702 5833 1279 5694 2235 5168 8119 3286 2510 2719 4112 7994 9002 5848 4836 563 8672 3340
90 3471 5484 197 402 5880 408 2243 3284 888 9630 4569 6716 2338 4931 94 5449 8816 9971 8791 8103 47 7080 1774 3802 3191 6402 5316 3448 6953 3473 5707 4967 9902 296 2988 7513 7285 6087 2925 5145 5135 911 1421 8261 834 1893 4232 6537 580 51 1273 1494 4530 8272 3210 7320 4260 2355 4312 7166 1827 4793 6131 7190 6119 5292 3350 3226 7792 9124 9910 8066 4838 6205 6768 7892 2529 351 5647 6766 1197 1046 3983 808 8251 8716 3840 5725 5996 7598 8031 1526 8739 2270 3634 506 6863 9392 1081 9165
69 3526 1397 1667 217 2996 7786 4380 9129 532 4088 7103 6000 879 9894 1910 9689 2806 8307 2524 6867 5854 1485 9197 6381 3473 3489 4441 5817 8274 719 8524 618 3946 4634 2107 3110 4805 8886 7411 2255 4724 7380 8762 9412 4495 2789 1113 6138 2445 8013 2381 9811 6437 177 3560 8452 5693 3641 4300 2338 2863 1136 6473 5356 6023 6675 5829 9935 3810 8238 229 5986 1249 1100 7362 8985 9799 9411 1431 8093 9993 2486 5548 9493 1353 7642 408 9182 6372 663 7975 4171 2480 1614 7632 6288 4007 2333 7308 2197
25 2724 9356 6727 92 9858 2784 888 1287 6360 2353 780 6404 7860 6041 9914 1889 2248 707 5920 7918 3702 4155 1983 2694 1877 1392 8042 1811 6976 1662 415 8998 6751 7730 4214 2472 5596 2119 3453 8862 5364 6600 8012 9904 8234 3816 9967 8940 327 9528 7998 9031 9545 9629 2681 474 9174 7482 4156 1947 5519 3901 7351 8491 9619 8887 2744 2202 729 2972 597 5697 8254 3150 3437 7210 6939 6195 3663 6407 5573 6849 8956 657 6392 7143 3169 2079 9137 8955 143 4768 3961 8252 2403 9672 8693 6097 5886 2425
55 3567 4786 7236 5314 2521 1932 9917 4743 5732 5021 5153 4148 8210 7429 5922 6866 4647 8375 1592 8468 1498 1551 1422 1008 7139 951 6787 7659 5261 3660 9238 4414 4890 7668 3805 4268 7254 528 620 8679 827 6559 6966 3312 775 1295 8035 7841 5631 9660 1825 3352 1548 8016 4004 2446 5650 1794 7893 4663 8655 9712 1992 1628 4202 9472 1844 6630 7835 3428 492 5416 6088 4120 8868 7930 102 5995 6328 5164 4428 7827 6091 2583 7247 8450 9782 2516 9919 7219 865 1561 8146 1854 1568 7530 7795 2244 7637 7310
27 1282 5468 4369 4140 4214 4258 4085 2209 9798 77 4658 5220 1146 9873 9022 8314 8631 1767 1149 5977 3969 3397 4319 5046 1872 8165 2347 8471 3910 3701 1793 634 1025 1108 91 8699 9811 2057 1055 4161 8275 2541 7565 1001 2182 701 4096 7289 8860 1562 4981 1889 6887 5071 752 4877 3684 5766 7708 6689 1053 2201 9509 7370 1549 6486 337 1031 361 182 1770 4868 7197 5198 2732 2299 8070 7656 7609 3535 6937 400 6414 228 7495 9733 3688 7345 1390 3458 9051 3263 8058 2689 3416 6645 3146 141 7124 6624
26 4588 9170 760 8859 2450 5593 7001 2964 5279 7220 9410 4977 9462 2936 848 8286 6512 8685 7126 6491 3144 509 4424 1862 3875 4235 5252 1401 9278 2096 5811 9060 2682 7151 5516 4033 935 7988 5449 6693 3260 3224 9112 5867 1659 327 1846 5630 112 44 3755 8920 761 4825 4229 4318 3937 9042 3914 4049 5459 4853 4670 4803 8159 1733 1616 9078 4704 5682 5458 3865 9428 7617 4036 5528 6714 2923 9741 5643 2571 9310 2711 4933 2741 7218 3978 7613 1181 4365 7843 4826 5795 5797 6555 8160 8140 4212 639 9844
1 5868 6803 9906 9314 6955 1989 1121 4318 9893 2172 1792 9076 8191 1198 8020 4660 5407 541 7539 2493 6967 4097 3940 7553 6638 4033 8063 3970 7966 7285 2470 1289 7802 6851 259 8370 7501 2628 741 8270 8193 8384 1072 8356 6196 1203 5615 7570 7370 3595 1742 3214 1587 2902 3270 2437 5924 5760 7443 6665 6195 5997 2344 5163 3510 4146 829 1265 5630 1497 8237 7745 7321 2884 1517 8820 6659 6246 7465 4995 6047 8551 883 6435 2495 17 8163 225 1862 8507 4984 112 5177 1093 4209 1652 3187 9610 1946 6895
23 4098 552 6559 6060 3605 5682 949 6373 9613 3014 1774 3151 682 2503 2698 9046 481 1136 6812 3764 650 6163 7069 3548 4768 4308 5962 8291 6090 9380 6779 3233 2253 4000 3918 2092 3282 8522 7181 7324 7274 4779 124 2130 670 305 6888 9618 9531 3105 9821 3136 9501 3203 4735 5531 564 3036 8010 8356 7171 4622 3218 4617 9776 7801 8606 631 7737 8970 899 3525 6276 156 5876 6565 266 2398 1214 1584 2299 9527 5635 8189 2968 6356 5954 9269 6671 4100 7845 8416 196 9667 212 1247 4012 8380 4762 5898
64 2518 6159 7088 7266 577 7852 7862 8623 2542 7053 1304 4101 4506 4535 6571 5850 4204 5480 1270 1528 7803 359 4772 3089 4105 2547 9060 3383 9010 9503 245 2753 1529 518 206 8186 6270 5857 9065 2780 4260 1167 2814 1730 112 7512 469 5575 168 9117 1402 2907 9722 839 8341 6943 7742 2444 1433 6319 7016 7259 6207 7990 3571 5959 7671 7258 6338 4354 917 9055 9836 5985 3214 2916 6822 5747 5262 6657 6241 2204 8061 163 9517 5686 8385 4627 6250 3960 4403 3195 6353 2394 1679 5805 4760 3749 9961 3828
18 1086 1377 118 2644 4622 5747 3122 3858 4382 7084 2007 1960 8673 9314 6380 6712 7905 5693 2464 8077 5325 9446 776 2085 7165 8487 7689 420 438 5889 8078 644 5443 5609 6735 3480 4044 9006 2153 8277 594 437 4090 8953 1862 1876 2873 246 3697 4715 4316 2833 826 9772 9105 6664 424 5031 9755 8869 2798 8930 7988 5967 4571 1973 2141 5537 2107 4570 967 1468 5078 3069 14 6699 5420 4088 8693 236 584 6467 8061 8345 7055 7102 2506 7120 1858 5131 11 5313 4441 7402 407 7393 7842 2420 3014 4392
72 2250 7461 6352 4802 5497 8230 370 1040 5019 5009 514 4773 533 9950 8439 1871 6030 4270 612 5717 867 2490 4281 5132 2753 5137 6162 4576 665 8539 6833 2191 8212 2219 2532 6641 6639 1547 7162 7880 6720 2304 3683 3703 4522 3168 1354 5309 6035 9578 6178 3806 3802 3221 5299 5263 159 8493 879 1221 360 9874 2312 3142 1178 7407 8239 5975 6227 5537 296 2841 6773 9990 6677 1600 2294 7496 6965 9937 5282 2567 49 3722 9567 2381 5749 1446 4857 2333 3342 8217 6631 8690 7718 4732 162 170 4232 1651
50 5639 5570 3272 7952 1975 7961 4023 2295 1877 5668 5967 7201 7850 4954 4145 3109 4860 5322 81 795 2040 1239 5175 7138 3839 5017 6214 2411 1491 9879 4972 3384 6503 3325 9225 5483 6834 9050 9735 3699 4887 5839 129 9097 1641 9493 9444 8675 4130 2632 8485 8794 8729 7960 6988 6521 1056 8873 1408 5800 6222 9925 8690 1420 8663 7542 1210 4702 8681 4237 7435 5692 4239 5165 1617 159 2493 1590 707 5471 6737 8623 9536 7712 6173 5706 4223 2861 8710 3686 4697 9040 3573 2681 2585 2350 1939 6717 1669 3865
74 7978 1588 2005 8785 1086 6542 6793 5848 9333 6363 1930 6681 8655 6084 3864 7695 5514 2576 6818 9711 4462 8114 9801 7250 567 6156 4375 4072 2570 3338 5473 1399 8011 2082 2852 5671 3886 14 7369 9328 3798 6128 7020 4242 1254 7231 8223 4116 3865 6175 298 6844 4055 3750 7517 3030 5454 5600 2878 1407 7416 112 9197 3112 376 8292 4694 550 5822 2259 75 7945 7380 1345 4735 5104 5826 9111 5199 80 5150 7136 1070 9051 5592 3540 6266 1390 8574 4975 8772 8405 6576 7398 1449 273 3139 7485 9269 7010
11 1626 5951 8777 6381 8466 4843 5210 2837 8791 973 3756 1460 8127 2493 8287 3310 4534 1964 3457 1227 9377 1794 6916 1143 7240 4845 9539 6490 8635 3699 150 7399 6690 6576 1703 3078 1132 2394 8172 8182 5609 6777 8318 6186 5402 4301 9562 7438 972 7000 6681 6905 1242 3757 384 502 919 349 8428 8302 8999 3139 9207 2143 8819 230 7947 8131 1587 3334 6437 4003 7128 33 2657 3239 8629 3673 4194 9029 1003 9911 837 1558 5952 5245 8967 5134 6014 2552 9100 7195 9167 5496 3309 9779 5491 7684 5964 7336
4 728 9977 5621 4582 338 3343 7550 2632 7138 3978 3922 5095 5461 5446 426 5399 7305 5917 3441 6430 4407 9421 5451 9689 9039 8777 4272 6665 3658 5778 6053 2056 9511 1379 8050 3707 9500 9963 2469 4743 2001 9022 7362 1776 4745 4354 87 3301 5017 3122 535 16 5904 582 2240 1252 5553 2933 8863 5333 2143 8489 1777 7920 5488 1416 8293 1924 8167 488 6937 3001 9810 4879 5967 2579 7973 5456 8624 9605 2356 3799 1722 8028 5368 3415 6447 8231 8569 6284 8709 7403 9344 5974 5681 3806 2124 9394 4305 8553
95 9319 6043 5760 9565 7964 9682 4716 2702 9095 2282 2395 3457 7245 6505 5139 1426 8132 730 9181 1166 2004 4077 7742 3125 3612 3677 3609 1783 7585 6430 9435 1363 3389 4437 3978 3316 4668 5038 3275 7179 9147 125 7748 7734 466 8571 3160 102 4216 2935 4974 8912 3820 8648 360 7601 9486 8722 3471 1868 2426 4867 6304 7542 2940 1642 5917 860 9447 1261 4776 9017 2892 9190 5129 5695 5899 2918 3184 3704 2943 2429 4788 487 7406 3250 2037 825 7904 4580 799 9052 855 6621 4293 3139 7469 1820 7038 6489
3 3206 4732 5860 5785 7800 4176 5989 2096 6778 3405 9074 4789 8161 7951 8758 3900 1600 4178 2722 2221 4458 7523 417 8070 4195 485 1561 4367 813 1358 6041 5693 2881 5342 716 5481 9484 6313 1684 4102 3441 2550 8344 150 8014 4119 6083 9806 8470 8041 8592 9202 2539 5911 4167 7508 7972 2734 1904 1014 4498 9459 2544 8090 7637 7395 3715 7313 8720 9322 5912 3458 5986 9521 3396 3889 6170 7202 7025 2387 6705 2018 8256 7874 1960 326 2752 8212 5563 5173 5388 8048 581 8936 7214 1390 8712 3696 964 7867
81 1756 8863 3996 8979 7578 4428 3592 2212 8422 573 676 9830 2594 2813 4338 6136 8021 7076 3784 764 9191 2040 8101 3306 3439 289 9116 252 5053 6710 3237 7546 1726 5001 5139 2596 2083 6605 2626 1767 4263 8667 7340 8678 6494 164 6685 6184 5848 5955 5061 8165 3594 5748 1057 3497 7906 455 9320 7618 1126 7680 9255 9189 9535 9353 604 5676 2833 8316 9825 2330 8959 5086 4946 4518 5433 2640 104 3220 843 4556 2703 5825 4352 1368 5633 7033 1632 482 7724 2914 9518 495 4940 5370 4280 3440 3162 3865
29 8700 5547 8944 6102 3411 3005 9989 2441 3944 8614 9356 876 455 2111 8922 773 2655 8559 4259 2037 3813 7663 1804 5810 9417 1511 495 3189 1647 9528 7261 2062 1265 8007 603 1373 9086 5657 993 4563 5461 4777 4778 4995 6835 9116 4539 9661 8186 4037 9303 9647 5594 8695 4888 5201 1241 6926 1643 5840 5126 1961 4909 1244 5615 2886 2345 7253 1642 295 8170 39 4919 8722 2412 8477 207 6791 1335 9800 7207 1819 1872 2505 2569 7426 7971 7601 1057 8763 4534 8881 2754 7622 3702 1556 4719 6603 3638 5798
13 2769 4077 4585 9709 2147 8367 9900 2446 9016 2790 8283 3370 8013 1000 4052 7859 3790 2096 6848 4302 3820 3192 367 6665 1859 9151 5259 5908 4734 4468 5394 4954 1611 308 1461 6926 4369 9644 9063 9459 8225 469 4412 9318 4442 4333 6954 709 5006 4539 8691 7489 1021 7219 6768 7272 2881 7310 4020 285 7292 3506 5724 1737 1880 8186 8851 3141 1740 1234 817 8396 7846 2379 8164 2951 9540 4543 8662 1226 7822 2448 9249 8339 4295 3440 6275 560 3930 6427 7144 2023 9143 5426 7709 2926 3357 5351 3310 2070
40 7709 1309 4386 3732 5869 2757 3773 7141 5455 1247 5192 4651 2790 2145 5011 7609 4022 8879 2942 5694 5606 370 59 9666 729 1392 6870 629 6218 826 4107 8979 4805 7530 9945 6591 2324 4607 5917 3514 3992 7981 1672 1661 1410 4289 2804 7121 9223 8101 3689 258 3851 1589 3173 795 7048 8888 7467 530 4950 779 3297 6758 5284 911 9216 1230 8808 261 9593 2240 4771 7772 6875 4160 9954 8408 2597 8970 7505 752 3990 6528 7466 4482 9704 8535 2329 8783 7632 5394 6408 6242 2575 328 9379 8451 7460 1870
91 7177 3929 4435 587 1230 1341 596 2491 9281 5723 3873 1553 4446 1471 3733 7188 5714 8608 4930 5113 3984 484 9520 8735 9204 9723 9444 8824 7108 1047 8763 4678 3267 9669 5178 1255 3531 3410 5386 3657 8500 1777 3320 2810 1967 3284 4206 276 7983 8682 3835 1147 9300 2531 9017 1998 8688 1833 1725 1999 1954 3488 2065 2782 5811 6900 3888 8835 6250 7540 3148 4786 4821 245 4657 3674 1455 5769 1020 1815 9020 8317 9432 601 9035 7502 4496 123 801 9456 3207 7299 1716 1007 7628 9417 7847 6294 8215 3992
98 7937 2512 1222 8792 5221 9968 7178 4327 5231 3461 1186 9809 2223 113 6281 7275 3527 3218 7574 5586 8987 35 5783 747 8561 653 3249 2653 1427 6350 4576 4880 1769 8600 1002 6793 980 8518 1011 2106 6225 6070 2522 6479 8752 17 5176 7122 3105 2561 5825 3350 5097 6542 7058 7507 2414 4751 7011 2232 7015 2051 7899 5229 3234 3009 2939 239 2282 4921 7973 488 8537 5450 5865 424 6652 1940 5196 5596 6276 5099 9716 4508 7074 5612 2330 4823 7906 3818 2062 2971 7652 4485 2025 15 4588 6364 3855 2994
89 7165 8734 2146 4255 9486 6440 1685 2907 863 9054 7692 3303 6739 886 6340 4779 6355 1218 839 2349 8362 6894 6574 3562 5808 6549 284 1300 4845 2128 9649 1326 3596 9335 4121 3957 4274 3074 7848 8768 2384 1824 1001 9834 2644 345 6715 5893 5952 7142 5586 9306 6359 5221 8218 9764 1043 5875 3985 2503 5842 8445 98 5160 2939 7012 2824 7342 1151 1029 5304 1340 4478 2204 6263 7350 2457 6407 9610 1055 1097 3046 4866 7162 9237 9839 4921 7680 880 8684 8938 2569 7002 1864 2818 9569 9699 5381 3373 4548
36 9946 2402 5132 2816 5259 7639 7231 30 9260 1317 1729 2273 8571 8260 4716 1715 7857 6835 9202 4941 2459 3196 4911 1525 8794 2728 8273 6122 2333 2100 9319 8417 4311 768 130 5226 715 4383 6757 5537 3177 4979 3701 7076 7707 4245 7939 3107 4153 8106 9939 9175 6821 5541 7374 8549 7068 9403 4927 4809 3066 9596 4121 8157 770 532 7607 2787 1161 5376 8074 3404 4021 7579 9285 1294 9412 2634 2272 4919 4458 7315 8831 5858 1524 1877 4339 7329 1187 2501 3211 5244 1160 8405 2603 7933 3638 9050 9845 1726
73 9231 5160 2514 7849 5553 6225 3282 539 2841 7195 153 4780 1777 111 6867 4440 8524 2936 9417 1432 1077 2932 8834 5528 5368 4259 1698 6763 6691 3674 9381 7525 131 7530 1052 4355 574 7054 7838 54 1484 5928 219 7121 5136 2910 9785 342 6625 1154 5438 7055 3749 774 9791 4229 9824 1491 726 6017 9976 2175 1164 434 9537 270 5534 6406 6265 3200 819 9439 9779 2030 6832 3915 1005 6574 3216 2901 1459 210 8897 1810 150 4232 9256 7503 9573 7309 7726 8560 9640 1579 9336 4891 1857 7454 8853 4542
62 5142 8392 9392 6393 7956 5184 3525 9977 5266 6909 8591 3767 489 3554 5072 7549 5464 5988 7453 182 4240 2791 780 3898 4498 8361 9882 1119 4890 4115 3824 4628 4165 61 7527 8 1899 4010 3250 5192 1585 3592 9053 8316 5410 2598 809 8162 9155 7375 4138 5980 1951 8692 9246 6388 9438 2807 3314 9461 3950 3266 3219 9641 2575 7246 4309 6587 29 4174 4916 912 3580 7501 4657 3954 9182 6089 958 9296 4191 4638 7313 165 4200 2931 3552 5812 8481 5476 9433 8682 9489 5436 8485 305 3413 3029 4055 2923
24 8889 6842 3749 3613 2993 7528 496 386 223 9185 2156 4440 5377 1932 2119 4560 7539 401 3527 2590 7587 2061 5586 5100 3758 3344 6742 2854 2520 7404 8292 1429 1782 1833 4445 1198 6671 6676 1819 1323 418 4769 7532 4998 1777 2669 3056 1720 2803 6483 7058 6398 7832 5558 8731 3904 4312 2889 7472 8709 8232 8908 1497 1998 114 8917 8810 7530 6823 2789 8336 2095 4376 9247 5533 8561 6669 9772 1045 5747 1077 4948 1990 220 8712 8001 6026 5865 2948 6745 6297 979 8463 3585 5766 9832 4615 9799 4386 5817
41 512 343 6986 9773 1823 9649 586 7836 1663 2119 7290 1342 267 8151 6359 9771 7023 294 6602 3324 2565 575 9397 4279 9250 5014 2643 9981 3511 5793 7003 8987 5669 5691 1840 5124 9297 3938 7859 370 8954 6278 8671 397 4786 633 8864 6158 4174 4249 440 4109 8971 9416 53 2139 2413 6193 1910 6677 3273 7292 140 9130 3107 7118 5043 516 9963 2546 7039 5315 9075 2628 3704 5663 3490 5170 9931 8010 2739 9796 3042 2578 1621 3508 9948 7925 619 7525 8307 607 5520 2393 1040 2086 8169 8357 5480 608
14 1016 5726 2203 6814 6325 1748 9401 2437 9421 5896 6717 1351 7708 9273 5071 9167 6522 5021 7778 9155 5899 376 6693 9603 7906 9101 7223 7472 2847 7893 3958 9743 6312 728 3127 5150 8325 6017 3949 5259 2960 8752 7100 4333 1694 3431 982 8431 4388 4701 9226 501 5966 7706 2077 2067 9192 7776 3218 4617 5357 5179 1805 6132 864 4710 1444 5894 7674 9841 6091 9640 6851 8556 665 2471 7433 2329 5267 7035 1811 6350 8580 2827 1921 4559 2643 8731 6324 362 5909 528 9193 9638 3625 9470 127 2079 1195 7418
59 347 4175 1122 7978 4033 2293 6117 7549 5271 5228 8481 5460 2864 5040 2327 193 6783 7997 1219 451 8611 1802 554 2787 8134 9716 310 8784 3380 5336 5537 4508 1985 7974 5554 4182 9467 8557 4299 1963 227 6809 7054 4064 1347 6986 1000 5494 2021 5625 3211 4147 3396 4975 9173 2842 3301 3661 7234 2984 6842 7707 7198 8706 1433 922 4113 416 1169 6485 2883 5726 1549 561 7160 4581 2427 4292 2098 1232 958 5738 7211 9614 8840 1832 6080 8382 6523 4379 2913 7518 1495 6531 5627 9265 7257 5508 7148 9263
96 2067 1643 9171 9735 5788 3191 3764 5266 8241 8748 8254 3810 6162 2445 7928 3490 387 3032 6085 8062 8008 8381 1913 7265 2043 8705 8318 190 2708 920 4854 8176 9248 4767 4061 4169 1141 5647 5966 258 6278 7736 9281 4457 1255 5902 1076 3749 6925 585 1033 5656 9611 5080 7750 4685 7298 2173 8373 2811 470 4987 4931 203 4255 5805 8499 8087 2637 635 5345 7535 406 695 847 6186 1338 6767 93 826 3168 7066 3874 1859 8616 5473 2400 849 7701 4326 2927 5694 9179 1093 6645 1908 925 2532 6078 9866
75 9995 5995 1990 9367 2382 1023 9019 1552 1182 42 9909 6666 7176 9315 2381 700 661 6086 2565 5791 9395 1893 6443 7445 9677 5981 6609 3742 5880 5578 93 1087 7043 1553 8257 252 9864 47 3993 8006 6859 1618 9834 6625 7427 9385 3627 5924 3174 7791 5055 8683 6081 8026 4996 5004 8412 8280 903 2862 3205 7935 5198 2842 7772 2055 4804 2725 1806 5218 2105 9010 5290 6223 7730 8434 2424 553 3236 7349 3909 986 2878 6168 5844 8300 8422 5488 6520 451 6797 7167 9344 8469 7480 2188 8037 245 500 9252
15 4273 5495 1193 2230 9004 7413 2955 6807 9564 8346 5691 4141 7136 1291 1830 7373 1087 1424 8241 5254 3943 7900 4036 5951 5302 987 8790 5119 4339 4976 390 6224 7534 5738 8417 6566 1152 7990 4610 8539 7870 537 5960 7719 261 1771 1609 6305 5527 4069 7387 6707 6297 6512 2098 6178 240 317 3079 1717 3136 8470 1750 3826 4803 5932 7822 3164 3115 9051 5878 5645 6005 1989 3040 6201 639 6011 9497 8199 2319 6073 1577 9950 4063 5604 5325 394 912 3519 3039 1727 8870 8302 9000 5536 853 6782 2239 2342
51 7947 5042 2358 8032 2229 7597 2045 9327 9280 7141 6746 9471 6078 9889 6671 9163 100 8639 4029 9942 168 1639 7339 2318 1596 314 4237 8643 9271 9778 9093 7830 6766 7492 7332 711 355 1099 2648 9665 5405 7063 1475 202 2027 4158 1871 3410 1391 7647 7135 49 7736 4153 662 7922 9180 8762 5459 4082 9502 7247 9385 2029 9294 1945 8640 4438 2636 2244 1913 6484 1424 3716 7276 4081 9019 9664 8994 4555 7272 4629 283 2992 6646 3803 5976 4881 6557 9955 6066 2476 6961 6005 9549 7302 1966 4521 3607 2152
47 8502 4242 749 6901 4813 7592 4848 1221 3790 9164 8537 9478 5912 9633 7658 5799 6192 6613 6604 707 9507 3966 5457 4430 4624 6310 2106 8443 2782 6871 5053 4313 1246 3063 8807 226 6596 8101 7969 2289 5970 8836 4643 870 2857 8682 1533 1647 5580 7383 243 7898 4376 6841 8428 4891 6765 9907 9434 7188 7677 8612 5708 9513 6348 1800 8800 850 5975 1660 2801 3511 1552 2768 9542 3509 3199 7271 5047 9548 5466 3011 2296 9529 2927 1911 5220 3712 308 5588 3017 2064 9125 3762 1345 575 7531 9269 1457 4923
66 3235 3552 7326 8535 2486 6548 4618 6713 3615 2924 1405 1966 2034 8464 3509 658 9719 5951 5623 4968 7657 6169 4123 2773 2940 249 6084 870 4665 8202 1954 1360 500 7653 7277 6708 649 440 3543 9303 3230 5245 956 7268 9820 136 6437 9448 1170 6064 6443 511 9597 277 5010 6023 9534 4446 8591 5592 4754 4982 2070 6997 7205 9437 3377 6917 8596 5739 6468 6950 3719 7615 5884 9492 4801 1893 6078 717 9017 9424 3692 1297 7497 9186 6511 2208 1063 7860 7122 6361 3867 3109 8164 4249 4080 6233 7886 3307
9 6634 2103 5896 1264 5180 6435 7269 747 3558 5046 4341 3504 7055 6919 9872 7497 4586 5579 7084 3627 4293 1395 5177 2389 2860 6637 6529 5440 7566 1278 269 5115 8137 1194 3715 2131 5705 9322 2586 3916 1429 8980 2081 541 5402 1457 431 2469 3489 1382 8481 3480 1532 9762 2778 929 7171 8941 8827 7427 6098 3207 2947 8691 1928 3660 7993 6510 2859 6155 4128 4271 6465 3830 1380 1622 4273 3103 7818 6894 6514 9962 4104 4540 4668 9453 8113 9849 1734 3008 9270 4267 8356 2635 8649 8011 5148 6907 5138 6776
39 1386 3465 7858 553 3015 3312 3675 4779 4696 9034 4201 1326 6197 7403 6635 9666 8626 3925 3472 2883 2975 3340 1338 2384 8031 9635 6644 5448 5339 6916 5864 2041 6958 250 609 8790 9056 5784 9143 7519 6896 4314 5309 7884 1422 2175 9578 1973 7207 7307 5754 3919 5706 8106 9949 1167 9899 2584 7513 1720 596 714 3859 5649 5897 640 9235 9512 3131 6456 1877 9250 9395 6076 106 3900 2554 2176 3471 5798 4506 1933 5189 2307 6847 6949 2180 7382 3321 3470 6470 9965 3854 9995 7794 7244 2552 3533 5644 7432
54 4194 9612 6308 4906 5490 3143 8221 3137 2781 4652 9713 855 1887 1165 8151 2573 4169 1282 8851 682 3327 4039 3398 2120 7022 2905 6020 5511 7380 5460 4380 4830 8007 5578 5950 4435 2449 5156 9007 7045 3970 1876 362 9531 1066 7704 528 8562 8519 6808 2856 5006 8275 2308 2584 7263 4655 9237 7776 6906 4366 8452 1378 9953 3918 914 9025 4520 320 4327 1167 2298 7135 7417 8457 4016 6992 6301 6502 510 8642 9242 343 7273 85 1297 8794 964 5057 7778 7822 8801 7504 6695 9600 8505 7600 3205 4106 460
2 7224 151 6882 2311 893 5761 9333 4564 8675 6256 4889 3477 4031 6362 3352 5889 6329 8198 8402 4951 3975 1249 8403 792 9022 8498 6388 9101 5238 8626 5449 4694 5088 250 4842 1066 9739 176 824 8484 1510 3888 6634 1850 86 7689 9042 1602 6756 8991 1016 6696 2123 9118 9593 6927 3132 3236 5233 6547 788 545 6237 1179 5353 7239 5120 9366 1383 1547 9681 839 320 4114 6231 6321 7565 4467 3603 2077 9335 1192 5647 3800 2139 9041 4585 7377 3116 7960 6500 7698 8715 9232 2892 3697 2908 3249 169 4301
33 609 1984 696 8278 1546 8496 1299 9237 2509 4036 3360 377 1384 7657 6175 6375 5566 1148 522 9472 9278 4701 1229 1650 7446 3207 3261 37 3836 5344 3834 7632 2622 6945 8006 6226 9301 4970 6601 3482 6027 108 2010 2282 7297 6056 7837 6031 3441 5014 8558 1379 1796 7076 2191 8274 856 1340 9104 6951 1168 9476 3193 8397 3068 5300 7215 2754 1943 3659 9397 4999 9536 1722 2155 3219 1847 5273 9288 3110 4812 1964 1352 5329 9063 803 4226 5511 2044 9455 8112 1347 2107 5624 233 541 5560 4026 8360 7933
49 7644 1652 7649 7441 3449 3415 7598 4632 9433 7863 7645 1343 6630 5327 2155 2217 9597 9916 3382 6620 3939 8480 7996 5673 2343 645 4136 9503 4463 6398 5797 8532 6828 3796 752 4339 1939 8539 1890 5018 5632 238 4171 7895 7126 4445 1753 2581 1419 4319 5976 2849 9066 8507 5528 3215 7083 7517 8899 9370 4922 1975 5289 9366 9483 2546 9519 1508 1272 9762 9773 8352 411 9677 8405 4011 7248 8620 9031 443 5138 7806 649 2492 234 88 123 2496 5164 7260 8729 6183 681 4389 1306 8437 1158 9838 9118 1782
37 8885 9013 6447 9237 488 6785 4010 5522 3856 2723 8225 8531 5936 9540 7745 8522 2827 903 3566 640 1073 9970 6681 9706 6781 6981 614 2070 8271 1678 6893 6172 4506 2054 3321 1339 3953 8275 6599 2025 5295 4888 1362 5524 3282 7636 5113 5728 2124 4145 4120 170 3053 8914 2645 5544 4764 4466 4795 7595 910 3552 6819 969 8526 1414 871 2779 3377 2676 5325 6696 2313 3248 2918 133 1630 7005 9256 5537 2732 2861 2152 6451 3613 1688 5602 1181 178 3645 4831 4770 2659 1064 7076 6588 4011 531 7221 4808
52 989 5967 3674 5733 9449 1015 4506 1502 2952 8458 8316 6969 4048 9858 2660 3356 8888 6910 6167 6153 1319 2910 860 9775 6274 470 600 2695 6432 2750 3628 7493 3653 1750 5312 1554 8302 2741 2698 3275 5464 6132 7930 6956 5965 5462 3397 6440 8347 5838 5777 7875 4426 1195 3037 5950 6951 2460 5578 9713 4655 2003 9132 5059 517 2029 8711 5522 1996 3597 3254 938 2887 8064 9892 3104 1993 4463 5271 533 1987 1930 5262 2225 6684 2194 4275 119 874 1601 5970 1599 8013 6357 17 2971 431 4314 2319 1227
38 7058 7433 1691 8682 470 3631 6094 7683 5701 4897 6341 1432 6517 7736 398 7682 5199 2298 9569 7749 2691 2500 1202 6924 9481 1389 8604 1731 9598 8688 4317 3133 4242 4327 7604 6544 4253 7446 5617 8011 1262 1052 9052 9297 7909 4831 9212 3912 8354 5287 8460 4370 641 7452 8392 7059 8545 3649 3018 2098 7622 4573 9418 3785 2257 8735 3646 6180 981 1656 9576 4485 4462 7671 7775 8656 9938 2980 2360 4178 1337 6379 891 6323 3996 3427 8768 277 579 316 8274 491 3040 8567 3305 5305 349 1170 6723 7236
99 7788 2599 9664 2199 3243 3396 2653 2517 75 1529 1252 3544 2974 7492 7960 1294 425 654 3741 2470 7911 8613 4118 4907 898 6396 2106 2964 5196 1231 3412 8269 4342 3924 6087 2978 6451 5876 9067 4086 4018 4610 9013 2919 8379 6922 9533 8285 8471 5147 7248 5567 5259 6877 6947 3625 3818 1450 6674 175 1321 1421 1295 2292 5186 2819 9106 6558 5376 1662 4065 2815 3105 9477 3800 7527 1343 6162 5849 6016 1987 4721 4630 5816 924 491 7178 9633 3935 7705 3539 5865 1792 9134 5887 2214 9294 6663 7018 4295
60 1294 3014 1942 7086 8313 2448 9259 4341 2275 5127 3915 4130 8452 875 1662 702 3986 8635 9217 8304 2787 4192 7001 4329 2912 5811 4526 9543 1838 5909 5060 3236 5202 1261 684 3129 4786 5355 4794 8837 5606 7806 900 9665 6401 4610 1216 1645 3395 9779 191 603 2081 4938 1823 8048 6361 8333 2544 2589 7923 7690 3807 2995 7771 1787 664 7044 6921 9314 978 863 5107 2361 1273 1919 8861 4879 9012 153 6347 7099 4553 3532 8969 4515 1046 3318 1757 3694 2636 3815 2492 7270 3444 1423 1023 5524 1988 7857
94 1258 9119 9216 3337 9106 2056 7879 6819 6076 3444 4461 9409 6761 4790 8798 2042 1567 2005 7610 5057 5242 9284 9177 2097 5720 7928 2850 9324 3009 6531 9666 9809 4525 6799 5586 3351 7715 3327 9439 4845 8409 6436 4643 9876 7107 864 7817 1063 8074 5836 2689 7496 127 7559 6873 2745 7452 1103 8909 5599 7713 5449 9690 8175 3619 8953 5626 7245 171 3771 1569 3296 3898 5004 5847 6868 8818 9272 2888 6032 8450 5328 8753 1418 8211 1562 4804 3529 9996 3784 3894 8141 8150 1160 3192 8722 8055 6560 1905 1027
100 1795 4734 5897 7209 7176 5100 4528 1112 7689 1486 8031 1131 9557 1451 1919 768 5842 4816 5889 6950 7297 4135 319 451 735 7674 4710 7311 6334 442 76 3602 9974 2435 9777 5699 4264 3906 1217 4244 8898 2040 9426 9573 1472 3579 2502 7199 508 7539 7247 9206 3829 6632 1309 7732 4878 1891 2697 4052 6245 9957 8901 842 1753 8081 4435 5359 1502 4232 7236 2889 2892 7968 5737 6641 6805 8636 2046 5255 782 7672 6743 8690 3670 8282 262 7709 6524 2145 2066 7901 1551 860 2609 4732 5248 3769 8508 4471
8 4927 4728 2755 6747 6220 4330 5433 3671 9089 3690 7155 7503 4798 4785 3510 5847 8957 4470 7801 5673 4967 2702 1886 4955 4575 3238 4361 2175 7420 3407 3381 8075 5187 1676 9064 788 2484 4433 8131 9338 2903 7220 5751 9994 7713 6462 4724 9618 9 8628 3914 7256 4850 3036 2299 8986 1685 910 365 704 2675 9421 2165 8368 2312 6378 3635 4020 4627 7316 2418 7048 5441 1648 9902 7828 7077 5036 3744 4121 3556 8773 3178 5512 3933 6647 9154 8840 4760 3465 7237 5005 7571 9565 2670 561 4080 2218 4434 2811
97 6731 9861 8246 7555 502 1288 8882 5148 4451 5302 7898 715 7183 4514 272 4779 5651 2074 9978 5308 1403 8524 6483 7427 1970 4474 2680 828 1991 6436 1065 387 4845 5613 2788 975 5453 2079 5978 2569 9986 300 6431 5412 2596 1819 937 7260 9105 9582 670 2077 6638 8239 7514 1410 4966 7061 6788 9985 1678 6510 9006 7108 1525 7113 144 3596 9710 6175 6760 8441 5087 9541 2791 8502 4667 7003 3445 5174 9773 583 2110 4658 570 6754 438 4945 5938 8814 5931 3255 919 4426 3798 6717 1104 15 510 969
92 1188 9328 3170 6149 3271 106 973 7562 9856 5657 5098 4353 7627 7660 524 8333 633 8893 761 6725 3351 7755 4453 5199 4272 3964 3084 5797 3881 8964 1027 4515 242 2920 5442 8385 7538 1858 4529 4914 4649 1347 4304 6671 3436 6949 3135 3872 9672 8502 8782 8351 3577 156 8178 9924 618 6374 2431 398 808 1810 5572 8064 474 1311 8632 1321 4929 1080 5002 4756 6420 5485 7082 9670 9548 9550 8313 8896 4177 7817 7285 9600 3832 2628 1834 4926 9853 5476 1037 6125 1895 4072 145 7521 2353 4311 5987 1258
79 9137 5038 3986 738 7660 7278 6114 4385 6465 7940 1632 515 8433 1995 7298 6751 4830 6964 9388 2062 6746 9888 7221 9356 8979 1668 1339 3174 4982 8077 6814 2374 6216 5287 3519 3938 1081 1888 2837 2328 7451 6377 8299 6159 3522 948 6974 282 5076 461 4733 3468 4512 8927 2407 928 9168 4342 4748 1884 1221 5619 1677 1335 1030 6935 5443 6939 9972 5934 2037 280 542 95 1930 9081 186 7734 2361 7519 7487 9338 3715 3113 6777 2527 5417 2908 3481 9546 510 2995 9966 9012 2898 9900 2648 660 947 1678
48 3947 9615 153 9420 4828 3993 1131 9915 6789 8464 4489 4211 2053 6335 1512 1265 2055 9023 1193 7380 2436 6226 9506 2350 1249 1832 8753 7078 348 339 4514 5200 947 5064 3441 710 5007 7052 4099 1244 8044 7620 2214 9033 677 2793 2791 4938 2257 3999 8472 4641 807 4851 3181 5889 6333 7875 8835 8225 7925 3325 3924 5530 5577 7494 8992 4888 8890 2064 5329 9527 5548 2521 6370 7387 6016 2460 7393 9567 7347 4834 8003 7965 6223 6706 7197 9805 2638 91 7577 4532 4154 6872 5048 2292 171 9304 7202 9244
6 1294 583 9627 1947 8575 6406 8752 7221 9473 8484 5086 1690 1943 7859 2562 1490 231 3226 6462 1000 7233 4811 369 2761 1459 4008 2953 554 3347 1378 6431 4233 7645 1475 4539 9095 4247 4632 5217 5380 6274 111 3731 805 7337 1282 6453 2094 2470 7035 4673 5357 5069 9800 4853 6093 767 418 4641 7060 9946 6625 2473 2010 2930 1234 1235 4733 2420 2475 2280 3724 9388 2886 277 2518 4889 4166 6721 8241 8331 3050 7132 4313 4203 155 6369 4618 5966 1186 9674 2973 5184 5128 5158 828 9103 3287 8421 8224
28 2850 1659 2496 8835 7839 7320 6277 5791 3573 7607 6120 6323 132 6986 2639 4758 3797 4502 8956 3144 7242 5871 4783 2772 3021 9421 7658 7761 7838 1199 4834 5590 2215 603 5504 5413 1253 5574 3978 8002 8447 4787 2620 6868 2090 3602 4677 7273 8205 2079 7771 9164 264 6506 8503 5004 7743 698 8646 3510 9697 655 3047 8221 4973 3129 3439 6591 8533 9424 8865 7662 833 5826 2182 216 977 1231 2631 9521 3220 1834 3720 9467 1164 256 2536 9449 7119 1756 4540 2068 1959 5158 8003 3358 5398 7292 4106 3182
34 2432 5528 3865 3052 1480 918 9159 7394 7365 8021 8139 8980 2122 9742 9714 8879 618 1974 6731 8262 3639 4684 775 9182 8686 2684 9863 7677 8732 2682 2716 5411 7155 7280 6448 9325 5844 8553 4760 7039 1514 569 4931 4375 8696 958 5620 5327 8166 9790 2282 8996 4 3440 6028 6555 8218 5150 4516 4321 2594 38 7891 5756 1013 9223 8373 1543 3309 1777 6236 2783 6942 7223 7325 5393 5951 1327 3022 6487 7025 1785 2974 3150 8675 9205 4414 5373 242 3934 1749 6872 3236 6427 2741 8820 7850 4818 9215 7219
85 9829 749 1405 9105 6383 9022 4330 3543 6658 5786 2907 7859 3794 3060 2188 2967 6031 494 3498 4522 6052 4723 7316 7258 6828 262 9666 3517 1468 7513 5045 7314 6053 3520 8474 5336 7127 7832 3605 9662 2420 2917 5844 833 7644 7438 9512 5860 5878 5789 7011 5031 5370 4243 875 8897 1061 7273 7432 4168 6654 1738 2582 8705 8971 5143 5480 6524 1470 7944 3507 3171 7301 1256 2262 1322 1607 5807 9964 7460 6611 8539 3682 3531 3649 2047 118 5413 4519 7423 1634 8628 9440 9364 4334 9346 712 234 7362 2079
46 6306 5448 2742 8451 7276 7059 8224 4326 216 7940 1566 3268 9244 4723 2447 6118 441 718 5818 4440 1633 5806 147 7968 693 8274 1716 588 1813 3120 3285 6009 5248 8983 8774 9330 5576 5768 1705 8433 1407 2053 6706 9737 3956 4042 2265 8086 7298 9857 1388 9121 6611 6967 6627 8938 7708 880 1277 9853 1717 7581 3391 2471 4064 632 1447 3072 1956 3057 7639 6100 1405 7371 8857 5265 2145 9189 1194 8705 8195 8993 6972 2991 8548 7765 5375 1164 7613 2810 247 2836 6902 2194 4396 260 1265 5992 8722 8459
84 5974 5553 8729 2586 26 5179 2317 8033 1563 6682 7476 4378 8636 2567 8509 6895 7550 5762 3039 5013 3654 8670 1222 3134 8385 7238 1291 587 6391 8605 8695 9917 1925 504 1977 1490 1290 9372 6134 424 5516 3274 8867 3670 4703 8020 8754 7942 4238 3138 7205 7392 9484 4711 82 9780 6245 6450 6878 3748 3560 5344 6238 2531 3167 2227 2571 747 8694 6594 99 9828 1740 4495 542 1144 4923 2207 8167 1530 1889 8098 15 8037 1132 2870 6908 438 6946 4413 464 1592 2046 8750 5668 4834 4469 7163 2223 4769
83 3890 3589 1471 9768 8101 8041 4449 1597 6071 1235 5106 8448 2830 16 4029 4290 4887 7400 1881 394 5231 4983 3715 6992 6128 683 689 4685 1649 978 4618 6444 6683 7370 6040 7160 4636 4179 3698 9406 8357 3432 6518 4309 440 6741 4568 7637 2739 4151 5874 4438 8772 2995 8262 6328 7192 9943 2531 3947 2287 1720 7993 6773 9094 9556 9644 5505 356 1952 36 1036 7416 5150 4234 2717 2882 7551 9284 7838 8226 4090 9617 9914 5811 8681 4439 7806 3699 2986 5465 1658 4440 6196 4634 1290 5712 6451 864 318
5 5034 1107 9467 600 2495 2718 8467 1198 9585 1612 5623 1399 2989 1967 7925 2678 6627 447 1529 9959 3923 64 2967 8848 9314 4155 648 6414 9184 8484 8855 1558 2045 5836 1500 6519 1289 4112 9504 3941 6028 8782 7947 4114 2483 5805 4422 2650 5016 8169 441 2717 8448 9864 204 4942 3140 8455 299 6771 1586 6184 2443 7882 2434 7268 2622 6268 5229 4179 3821 1632 6033 6275 1845 9010 9239 1930 5727 6144 4094 9539 9941 9382 6748 892 336 2398 9053 9659 749 8242 6881 1680 4492 5291 7768 6848 3621 601
21 8692 5080 343 8849 2613 6668 1813 6111 3698 86 9506 3001 8084 2049 9171 4913 2425 1506 5237 7324 1321 2308 7935 2722 1398 1907 3966 1076 8978 2213 9353 1524 4974 4793 1903 9693 1595 895 1114 3783 3781 2307 961 4193 9281 1135 9312 4350 4274 8181 7993 2169 719 3346 7558 8792 7035 4611 6654 9245 297 4753 8002 7938 4987 6089 6759 8457 5369 9730 1007 4529 2379 1749 3314 5120 7267 4471 3152 5465 7107 8195 2296 9359 5020 4025 7611 6692 1388 565 2001 6225 7994 9193 8037 9736 8144 7206 5714 5189
22 8579 7728 9526 8348 311 7563 8380 4323 2028 9439 7790 7916 85 8236 5167 7515 9663 120 8351 3236 6191 2405 3933 8064 9762 6104 791 4366 5229 1069 3387 7158 2100 2753 2365 7298 5239 3870 3622 9335 2212 8029 5323 2789 6000 5137 3683 8486 826 4550 8599 773 9529 7486 7616 957 8390 8454 9237 9745 968 2599 1979 6305 4422 4913 1535 2045 1802 6826 3940 6400 4244 2609 5609 5284 726 5176 1640 9264 1745 2865 7820 1677 7835 434 6645 5385 6148 4624 5206 7383 8613 7560 2229 1992 463 4310 4607 290
58 1074 2495 7195 4589 9077 6063 8509 2510 7328 4375 8396 3091 8290 4289 3049 599 6739 1949 1368 7662 8601 5143 2620 7971 9242 3469 6397 3131 2766 951 8774 2846 1564 9772 4445 5401 3085 2239 472 5948 627 5629 2192 8719 9026 7862 1369 7607 7301 2919 8866 825 6256 1464 1025 2854 576 2266 5901 2303 5254 1637 909 2136 9730 6341 797 925 705 9836 8089 8708 9893 644 1541 8338 4882 1183 5773 7294 4726 7730 4749 5228 2125 2321 6271 4230 4214 8743 8540 6649 6560 3744 9198 5186 1448 8027 8196 7319
70 2508 8180 1055 5844 2710 5921 7149 2220 4960 8607 2693 9457 7361 7504 7023 9402 420 6641 6135 5930 7047 6253 7787 2721 5614 2580 4560 7370 3223 6264 9373 986 1493 4122 9221 4155 836 2462 111 1454 4524 7250 4849 7449 1972 1327 9559 2758 1189 1943 4508 2440 9745 7078 7735 5344 2545 9575 30 5594 9622 7800 7851 9283 7647 1417 2096 3144 9854 743 3487 4583 1117 7708 8415 1209 3153 3865 6529 2377 5877 6216 6377 1082 8748 2245 7037 8523 4958 6831 6226 1077 5370 3438 5746 9017 4987 7943 2726 6606
35 2895 7200 1100 934 2819 1217 9673 9670 6931 4295 2140 6635 394 614 5503 9915 4218 5467 9545 7978 6713 9786 9310 3941 2822 8331 7498 9641 1534 8301 6308 2595 4100 6644 7857 6817 8654 1430 8213 8208 2052 9894 7667 197 2290 1903 1256 751 7756 9841 4967 2531 8318 7760 1517 8297 696 6530 5899 7282 5303 4550 6423 7122 1230 9883 2701 8321 1327 2218 8424 3954 6892 789 2642 1671 1839 254 117 6470 6444 8035 5187 1195 5591 3816 4041 5237 297 3066 3197 5625 7342 9943 339 1152 4021 2332 9606 1151
31 4609 3120 9804 8612 6797 6194 8372 5844 3827 885 866 7687 8935 6661 6266 2005 2094 2748 3756 5685 9941 6574 8316 2087 6336 5176 4529 9766 2183 2735 2113 646 7818 6823 8691 3757 3008 8467 799 1390 6152 4887 8778 3891 786 5659 367 9136 5516 4662 8380 7609 4963 2077 585 8832 7362 4515 6359 1758 6677 9698 2574 3853 5974 9276 9370 6115 611 86 1914 4732 6880 201 5356 425 8302 3062 5531 9741 4604 8800 5699 1168 4920 1856 3933 656 7057 7114 7416 9718 1539 6129 1861 1739 5674 9667 6394 4849
7 922 730 1832 2804 1229 3222 6969 9172 304 6171 8857 121 9386 9380 6315 8541 7573 718 5739 9969 2370 374 6823 364 9468 6277 3951 194 3626 9100 5199 8005 566 3943 1971 7134 721 2523 978 3200 6294 1679 5692 1381 9408 236 8575 3871 3967 1966 4815 1716 1110 2864 6683 8764 8096 9176 2513 1077 4091 6626 6032 6430 499 7924 6095 2390 1589 6516 2138 4189 880 7923 2208 2452 899 7162 4577 6622 9146 4674 3043 1841 8553 7632 1987 4899 2716 7327 936 3534 6296 9481 7545 2003 7681 8559 5922 6348
71 3493 1682 7354 6678 2843 8700 3800 8967 9928 1786 754 8962 5531 357 1420 2705 5102 8782 6066 4653 9786 9091 8798 7636 1007 4426 1207 4808 1183 9647 9857 8066 9683 6276 7369 7679 2569 1484 7095 9968 6749 3087 3250 3838 9404 458 1154 9439 4288 1439 7407 935 4925 3558 8924 8736 1286 950 3498 3771 4651 9743 7422 9449 3571 7814 4959 5505 3366 1086 3311 7470 5881 4044 6465 6406 1333 3791 7973 2283 7988 2764 1837 4016 6870 3440 9679 5851 6396 2884 3979 7500 162 6781 8642 5565 6247 2770 2955 3491
43 3222 7893 6702 2736 1744 4906 5283 3213 3175 7424 6968 8868 9355 9878 7533 240 7948 1599 4037 8136 4827 1401 5081 8604 3605 6211 2581 4647 2680 156 1492 9528 368 8623 9631 6514 8351 7625 1420 2543 7766 2605 7498 6119 3436 4968 6776 1409 3615 1600 720 8343 8946 6193 5615 9762 4215 5546 6272 3521 2274 8518 1007 1502 9328 1016 5712 8570 6662 3202 4404 4698 2926 522 2090 5092 5632 7820 5593 6360 3588 2301 6548 5644 1913 2346 8799 9736 7584 9666 3489 3416 1716 9026 4481 1992 7602 9445 792 9804
45 9099 8108 5442 9528 7908 6021 3003 6441 2281 2719 9624 3663 5988 4223 9890 1007 4929 2013 4532 5059 342 6438 9334 848 761 6596 5188 5085 4207 3991 397 3642 982 2040 9396 7227 7119 7118 6598 7242 996 2904 9062 8222 7039 4613 2253 667 5744 4856 3193 3887 2647 6845 103 7896 2779 4908 4370 3358 7468 8032 6052 4348 1011 4739 9936 5544 2395 9412 2610 3148 5891 314 4609 9537 5191 3690 3498 3511 8259 8508 6551 1273 2092 489 3965 8444 6216 6538 1773 284 7133 7255 6103 1226 7374 2500 3718 1541
93 5714 6572 3741 7026 8314 3288 4486 4862 2546 5002 7257 4971 6273 5911 6157 8343 7084 5890 5104 3962 478 8608 8238 943 5698 7625 7610 2896 9717 8758 9775 5349 3643 2230 4731 3086 402 954 1122 8910 9361 8773 7536 9290 7364 4513 3577 3539 5288 8672 3639 6612 5761 845 3314 8830 2287 590 8415 7346 4658 2080 9273 9780 6309 3257 1543 2985 251 5087 8727 9543 4473 2476 1006 9446 5949 413 810 3070 5304 8431 3636 5884 7821 672 7476 8021 7698 2180 8395 5814 8941 5297 5420 5409 9174 4458 633 4792
19 3315 9235 2600 6376 7935 2199 1454 1667 2001 2642 626 429 8743 1676 4325 4285 4098 6669 4693 2456 9528 1288 8526 8288 8659 9309 6559 483 9621 8236 8296 9900 5293 3671 3752 2246 7319 1974 4331 2726 8611 1982 8462 1385 9111 2663 1392 2481 2696 9230 5917 6519 1419 1905 4071 4475 5108 5440 2936 8150 3884 1786 9817 4582 7326 3275 934 460 1485 6239 4049 87 7322 2194 2789 2471 5984 4090 2359 1176 1195 4887 8419 4046 3791 7366 4217 3630 6578 7936 8733 425 1383 104 1833 5179 5035 6821 2229 2823
67 4892 571 5435 587 9129 6918 192 98 6959 6331 1222 7437 9139 8842 2955 5490 5686 2707 8903 3670 5633 8108 5706 8821 8294 7843 7355 5242 9501 9264 8581 829 4610 7642 4852 1212 7414 9853 2719 3649 1232 4545 5218 7373 7474 6904 4439 2505 3614 1195 3345 5713 6950 281 1598 3993 1339 9084 9140 1494 3324 2316 6677 3366 4835 2715 3235 7472 5428 348 2014 4090 4470 1388 7490 19 4084 7502 6831 5383 1711 4537 834 2409 2459 6629 1561 3596 9724 9285 1245 2578 6438 564 7310 3711 7584 8317 4947 7585
53 2329 817 9075 7919 7954 8909 4572 1487 2956 6785 8002 5191 4038 9904 7035 2569 5482 5908 3037 1477 9215 2454 1346 5910 9358 1208 2331 1998 3879 2328 2252 164 5766 9030 9898 8385 8622 9220 843 8072 1310 1786 7382 8620 4704 9549 5298 3593 1023 9837 9355 6290 9967 1369 93 9957 1643 4368 281 563 312 4701 7436 5797 4830 8473 7836 3890 9737 2665 4294 476 4969 7442 1674 158 3957 287 462 273 4672 4771 4549 3857 6090 1538 9874 6659 4727 2495 4821 1000 4209 1935 9777 2847 159 9409 3959 1649
65 9865 2469 6374 2344 628 6893 657 2269 1964 3494 1151 2091 7026 3769 979 925 6838 4282 7828 7543 5292 5414 2007 8077 5774 3681 2526 9419 9100 1616 9496 3286 9550 1844 7152 4437 9722 6292 7938 8724 9378 3118 4317 4701 358 4513 3805 5491 2999 7630 4510 189 9926 2105 3905 627 2770 1195 736 3722 3711 726 6457 3996 7807 6900 9148 3890 5723 8797 3830 9817 9117 5663 4192 8543 5585 501 9162 5161 3537 1694 9495 1405 3621 1914 8080 8024 2009 2367 1532 426 1219 5264 9675 5177 8523 9907 8245 8358
68 4252 4981 8194 5152 5363 2656 2502 1659 1409 1016 4598 4358 7203 3112 4464 9838 1848 5259 2847 4752 7786 5248 7938 3318 5652 6111 495 2865 2700 8028 2612 3020 3067 1914 4060 5364 3708 5772 9742 2584 4792 5493 5130 5378 7295 268 2129 9215 266 5137 9968 4691 8620 5875 6247 6973 7659 5090 626 5128 9007 6326 6859 974 6281 2682 713 6175 5039 7621 7462 3779 1490 698 8260 684 5236 6289 6808 1506 2694 7527 5060 3302 6811 7209 1209 5506 75 658 9735 9396 5734 2512 314 6668 506 1302 3644 9390
78 7586 7637 5317 1550 900 2047 4619 3787 2196 1425 2898 3376 8341 5382 9633 5242 7442 3419 6675 2444 9745 7002 4685 3091 1140 2610 2050 2395 1710 8163 5851 6385 9758 6894 3236 2425 2934 7404 9777 6085 6734 4279 9452 4197 8685 3212 3282 6922 6124 7641 5858 492 455 4543 9670 1801 8198 7600 5235 6475 9151 2970 2729 5458 6912 5022 597 2910 4579 8037 1494 260 8487 4792 3777 8932 6647 9618 5848 2773 1046 4827 6324 786 6122 4773 7403 6727 3695 4591 9590 7191 1810 9255 1787 5285 8956 6575 566 5143
57 8905 9128 2618 5417 9726 6188 9953 9422 3171 798 5753 152 9233 9708 7868 9617 6030 1111 3486 5845 3232 8160 8015 4438 4184 307 359 8132 3993 9348 9916 1481 7505 8122 6462 9880 4331 4477 1435 8391 309 8378 7232 9195 7406 317 5268 4908 2301 9234 1437 4232 6302 6930 3657 6153 7560 4690 1207 2523 9836 1746 1513 648 2393 8834 5407 9577 421 1897 4276 851 3619 4512 4996 3158 8281 8605 1955 8682 4406 967 4681 295 2172 1184 8040 2658 6150 7797 1134 8552 7645 270 7489 2518 8156 7094 2276 5447
86 4483 5322 7873 9481 2716 1314 1034 4263 7221 8688 9549 1808 3353 559 6828 2380 1454 9198 7150 9506 8233 393 441 9998 7386 4660 1781 7152 3561 6399 1941 8504 4360 140 6597 5563 3419 9551 8401 8825 4459 4101 3457 9536 5932 4284 1837 7156 5792 7589 1530 1866 9258 3894 231 7982 9703 9145 5497 4002 3932 4030 9109 9127 8828 1907 9826 9767 8486 3745 8514 3687 5243 1177 2767 639 4927 3753 1720 9334 1379 6892 8407 5662 299 5125 960 1403 7371 1868 6312 3074 722 8270 7071 6373 8884 9177 845 9905
42 662 9948 4406 2585 99 8570 1726 6909 9671 918 9591 3373 2922 5691 1428 9741 8661 8075 3978 925 5623 3566 2386 6040 7895 182 459 2237 5535 4818 4339 6445 5487 7782 5199 9639 3473 1785 3157 7990 4097 9291 2660 8546 4384 8810 6023 1906 8277 8200 2698 4667 241 2754 4928 6516 3485 2963 3315 9019 1026 1429 9048 5189 7741 1290 9793 8334 7985 2744 4617 3163 437 3838 9809 9995 1360 6646 3999 5364 2854 9554 9752 1145 5763 4623 6010 1982 3524 4398 3336 5005 8759 5127 4567 8466 1695 3253 438 7728
76 8054 7980 4376 7287 4127 8397 2143 9409 5446 2468 7090 6984 5219 9639 1020 4876 6003 5255 7951 4093 1265 844 3574 7961 4306 4880 1827 2119 909 3179 6951 1493 6721 2447 2223 4134 9094 2455 8911 8067 6428 2566 720 6882 863 719 8324 1410 316 1288 6530 1105 9051 618 6082 1957 4495 8116 8567 3401 933 789 7615 281 7987 5223 3537 103 5373 3055 3385 5450 9164 3320 527 5965 9520 8583 6586 8780 422 9329 5654 2253 3349 1285 1934 4448 8895 5377 80 4292 4290 5354 5628 4503 7160 4654 9573 9109
56 3131 8177 6408 1694 1990 2769 6212 4594 707 9930 2867 5106 1887 5163 5417 7090 7573 536 8024 8606 1916 1617 4695 8275 6438 306 5155 3953 5482 1525 5340 5829 6833 7625 1986 2780 6313 5191 4523 629 9507 3301 7232 9684 748 7205 218 4524 7867 7006 9875 5117 5458 6545 7733 977 4716 2740 18 2564 3875 6998 9654 8645 4879 9788 3419 5956 2257 1571 8133 7193 1005 5865 3080 4611 4022 2614 9454 3578 2629 8015 4518 7233 2811 2565 6986 8455 2537 54 5317 2781 2242 961 7520 880 2946 6335 5381 8520
30 2758 2965 1736 1582 2972 9127 2398 8633 3042 6425 2580 5803 8022 7979 8898 3807 6693 5352 3481 6841 5711 4851 8990 2182 4558 6091 1798 6154 1801 7376 1919 1071 2372 6382 4091 8011 5491 3845 9852 6785 352 9677 1488 5381 6754 4324 6349 6692 3395 4487 7986 4714 8574 4717 8722 746 7947 2464 6475 6116 4180 2096 7862 8357 3755 6636 8089 5651 6005 8373 4015 7874 8308 9537 35 8299 2002 5262 1985 7846 1906 263 3452 8744 8243 9256 6297 2010 770 6706 8713 9700 4001 3287 3099 2943 8496 7156 7675 906